@target G0.S0
@type xydy
20 2.021198e+00 1.161557e+00
21 2.660134e+00 1.403703e+00
22 3.536446e+00 1.657475e+00
23 1.394961e+00 8.226317e-01
24 8.425157e-01 6.577636e-01
25 1.110889e-01 3.681636e-01
26 3.271673e-01 5.049013e-01
27 9.661034e-01 6.296914e-01
28 6.706329e-01 7.894581e-01
29 1.497450e+00 9.471688e-01
@target G0.S1
@type xydy
20 9.955004e-01 1.062717e+00
21 2.183882e+00 1.253366e+00
22 1.646635e+00 1.511123e+00
23 4.064594e-01 6.681539e-01
24 5.920408e-01 6.119765e-01
25 6.321368e-01 7.077521e-01
26 2.950705e-01 6.373257e-01
27 2.261774e-01 4.483509e-01
28 2.606739e-01 5.318966e-01
29 4.263574e-01 7.052315e-01
@target G0.S2
@type xydy
20 4.651535e-01 6.064436e-01
21 7.971203e-01 5.898313e-01
22 1.274373e+00 6.433279e-01
23 1.198880e-01 3.505897e-01
24 6.158384e-01 5.353284e-01
25 6.163384e-01 6.781173e-01
26 3.909609e-02 1.948526e-01
27 2.051795e-01 4.626832e-01
28 1.391861e-01 3.857595e-01
29 1.988801e-01 4.721445e-01
@target G0.S3
@type xydy
20 2.796720e-01 5.596824e-01
21 1.352765e+00 1.031328e+00
22 7.147285e-01 8.399057e-01
23 1.379462e+00 7.143130e-01
24 1.788821e-01 4.172297e-01
25 6.359364e-01 7.095732e-01
26 1.458854e-01 3.560936e-01
27 1.498050e+00 6.811570e-01
28 4.353565e-01 6.649824e-01
29 9.112089e-01 9.352154e-01
@target G0.S4
@type xydy
20 2.433757e-01 4.757518e-01
21 2.209079e+00 8.619207e-01
22 3.869613e-01 6.105806e-01
23 1.117488e+00 7.665744e-01
24 2.558744e-01 4.554130e-01
25 8.863114e-01 7.490778e-01
26 1.448855e-01 4.285881e-01
27 1.567043e+00 7.474449e-01
28 3.018698e-01 5.547384e-01
29 5.256474e-01 6.597906e-01
@target G0.S5
@type xydy
20 2.457754e-01 5.737207e-01
21 1.794121e+00 1.271199e+00
22 6.378362e-01 8.867613e-01
23 2.654735e-01 4.560658e-01
24 5.478452e-01 6.853383e-01
25 3.134687e-01 6.203137e-01
26 3.264674e-01 5.926831e-01
27 5.283472e-01 6.733320e-01
28 4.672533e-01 7.806994e-01
29 2.566743e-01 5.844464e-01
